 Hash table Size 64
0  | 28
1  | 14
2  | 6
3  | 12
4  | 17
5  | 12
6  | 20
7  | 11
8  | 21
9  | 14
10  | 10
11  | 12
12  | 21
13  | 9
14  | 23
15  | 13
16  | 30
17  | 9
18  | 6
19  | 16
20  | 21
21  | 17
22  | 9
23  | 18
24  | 28
25  | 15
26  | 16
27  | 9
28  | 15
29  | 22
30  | 12
31  | 14
32  | 21
33  | 17
34  | 18
35  | 14
36  | 30
37  | 16
38  | 10
39  | 9
40  | 25
41  | 9
42  | 13
43  | 18
44  | 25
45  | 12
46  | 9
47  | 12
48  | 30
49  | 15
50  | 13
51  | 11
52  | 20
53  | 9
54  | 13
55  | 6
56  | 32
57  | 12
58  | 14
59  | 8
60  | 30
61  | 8
62  | 12
63  | 9

 Mean of Hash Table is     : 15
 Minimum of Hash Table is  : 6
 Maximum of Hash Table is  : 32
 Variance of Hash Table is : 45.5625
 Hash table Size 66
0  | 24
1  | 13
2  | 13
3  | 4
4  | 15
5  | 5
6  | 15
7  | 12
8  | 10
9  | 10
10  | 12
11  | 13
12  | 11
13  | 11
14  | 13
15  | 11
16  | 15
17  | 16
18  | 26
19  | 14
20  | 25
21  | 11
22  | 25
23  | 16
24  | 16
25  | 16
26  | 15
27  | 14
28  | 20
29  | 12
30  | 19
31  | 17
32  | 19
33  | 9
34  | 20
35  | 8
36  | 12
37  | 11
38  | 14
39  | 11
40  | 11
41  | 8
42  | 11
43  | 13
44  | 11
45  | 11
46  | 25
47  | 20
48  | 28
49  | 11
50  | 21
51  | 17
52  | 16
53  | 10
54  | 28
55  | 16
56  | 14
57  | 13
58  | 22
59  | 13
60  | 22
61  | 14
62  | 27
63  | 11
64  | 23
65  | 11

 Mean of Hash Table is     : 15
 Minimum of Hash Table is  : 4
 Maximum of Hash Table is  : 28
 Variance of Hash Table is : 30.4545
 Hash table Size 67
0  | 24
1  | 20
2  | 15
3  | 16
4  | 15
5  | 8
6  | 6
7  | 11
8  | 16
9  | 15
10  | 17
11  | 18
12  | 18
13  | 22
14  | 18
15  | 16
16  | 13
17  | 19
18  | 19
19  | 16
20  | 11
21  | 7
22  | 5
23  | 12
24  | 11
25  | 15
26  | 17
27  | 21
28  | 12
29  | 14
30  | 25
31  | 16
32  | 12
33  | 22
34  | 16
35  | 13
36  | 10
37  | 13
38  | 6
39  | 6
40  | 16
41  | 13
42  | 15
43  | 14
44  | 15
45  | 18
46  | 16
47  | 25
48  | 20
49  | 22
50  | 18
51  | 17
52  | 9
53  | 4
54  | 5
55  | 7
56  | 9
57  | 14
58  | 18
59  | 18
60  | 21
61  | 12
62  | 18
63  | 16
64  | 21
65  | 21
66  | 12

 Mean of Hash Table is     : 14
 Minimum of Hash Table is  : 4
 Maximum of Hash Table is  : 25
 Variance of Hash Table is : 26.1791
 Hash table Size 61
0  | 18
1  | 13
2  | 15
3  | 16
4  | 13
5  | 15
6  | 15
7  | 19
8  | 16
9  | 11
10  | 16
11  | 15
12  | 23
13  | 16
14  | 19
15  | 23
16  | 14
17  | 15
18  | 17
19  | 14
20  | 11
21  | 10
22  | 18
23  | 18
24  | 6
25  | 10
26  | 13
27  | 20
28  | 21
29  | 22
30  | 15
31  | 14
32  | 15
33  | 17
34  | 27
35  | 19
36  | 17
37  | 15
38  | 22
39  | 9
40  | 18
41  | 20
42  | 17
43  | 12
44  | 16
45  | 17
46  | 18
47  | 22
48  | 17
49  | 17
50  | 17
51  | 15
52  | 23
53  | 7
54  | 19
55  | 21
56  | 13
57  | 18
58  | 15
59  | 17
60  | 19

 Mean of Hash Table is     : 16
 Minimum of Hash Table is  : 6
 Maximum of Hash Table is  : 27
 Variance of Hash Table is : 15.7705
